40
Chlamydia_abortus_strain_162STDY5437294        0.00000000 0.00004218 0.00066579 0.00363260 0.00363257 0.22734744 0.03404500 0.09898601 0.09228138 0.10721124 0.23242716 0.41673637 0.41647488 0.41671729 0.41672472 0.41667690 0.36760637 0.09614462 0.03230988 0.03229739 0.03404229 0.03155478 0.03081795 0.03241027 0.03253160 0.03227734 0.03227734 0.03384304 0.35048310 0.41699501 0.41948122 0.41852224 0.41783349 0.41788183 0.41787439 0.41782617 0.41889830 0.41944544 0.41773271 0.03079140 
Chlamydia_abortus_strain_1B_cevac              0.00004218 0.00000000 0.00070248 0.00367570 0.00367567 0.22738012 0.03409080 0.09904178 0.09232233 0.10724950 0.23244899 0.41680128 0.41653982 0.41678219 0.41678963 0.41674183 0.36766357 0.09618604 0.03235678 0.03234428 0.03408944 0.03160165 0.03086466 0.03245718 0.03257857 0.03232424 0.03232424 0.03389015 0.35051678 0.41703188 0.41953738 0.41857832 0.41788945 0.41793780 0.41793036 0.41788213 0.41895439 0.41950159 0.41778866 0.03083811 
Chlamydia_abortus_strain_GIMC_2006CabB577      0.00066579 0.00070248 0.00000000 0.00358968 0.00358965 0.22727325 0.03399416 0.09886723 0.09218459 0.10712489 0.23228820 0.41661287 0.41635131 0.41659380 0.41660123 0.41655336 0.36750599 0.09604129 0.03227243 0.03225994 0.03400476 0.03149693 0.03076024 0.03237282 0.03249411 0.03223990 0.03223990 0.03380553 0.35040367 0.41687220 0.41935378 0.41841396 0.41771413 0.41776246 0.41775502 0.41770681 0.41879001 0.41931800 0.41761336 0.03073369 
Chlamydia_abortus_strain_NL2335-4C             0.00363260 0.00367570 0.00358968 0.00000000 0.00000060 0.22479480 0.03173166 0.09643253 0.08988120 0.10471992 0.22984867 0.41372698 0.41346376 0.41370827 0.41371557 0.41366658 0.36483199 0.09361862 0.03002959 0.03004357 0.03175115 0.02924952 0.02854651 0.03014399 0.03026834 0.03001756 0.03001756 0.03155892 0.34772198 0.41388643 0.41637694 0.41528884 0.41476121 0.41480916 0.41480180 0.41474883 0.41566441 0.41636139 0.41466101 0.02852013 
Chlamydia_abortus_strain_NL2354-2D             0.00363257 0.00367567 0.00358965 0.00000060 0.00000000 0.22483321 0.03173367 0.09642804 0.08988120 0.10471992 0.22987469 0.41381008 0.41354694 0.41379137 0.41379867 0.41374971 0.36489950 0.09361341 0.03002557 0.03003955 0.03175074 0.02924914 0.02854614 0.03013995 0.03026429 0.03001355 0.03001355 0.03155851 0.34776375 0.41393456 0.41642822 0.41534018 0.41481250 0.41486045 0.41485309 0.41480012 0.41571139 0.41641267 0.41471230 0.02851632 
Chlamydia_avium_10DC88                         0.22734744 0.22738012 0.22727325 0.22479480 0.22483321 0.00000000 0.22613499 0.22140211 0.21638650 0.22664995 0.11956882 0.45129073 0.45096080 0.45129315 0.45129887 0.45123505 0.40326701 0.22015452 0.22323451 0.22318854 0.22485057 0.22418047 0.22440371 0.22338253 0.22351931 0.22320716 0.22320716 0.22457542 0.39121428 0.45296227 0.45597382 0.45515955 0.45442911 0.45448115 0.45447261 0.45430887 0.45556084 0.45594509 0.45428860 0.22439364 
Chlamydia_buteonis_strain_IDL17-4553           0.03404500 0.03409080 0.03399416 0.03173166 0.03173367 0.22613499 0.00000000 0.09367594 0.08537085 0.10267999 0.23183084 0.41681412 0.41658801 0.41679649 0.41680393 0.41671695 0.36721098 0.08926979 0.02823010 0.02819115 0.02998046 0.02882747 0.02913977 0.02840832 0.02844070 0.02819235 0.02819235 0.02979767 0.34997764 0.41793601 0.41976863 0.41882679 0.41826237 0.41830782 0.41830036 0.41826508 0.41925261 0.41977312 0.41818685 0.02910993 
Chlamydia_caviae_GPIC                          0.09898601 0.09904178 0.09886723 0.09643253 0.09642804 0.22140211 0.09367594 0.00000000 0.05936022 0.09438803 0.22674702 0.41080739 0.41051381 0.41075260 0.41075977 0.41065885 0.36193057 0.06313636 0.09350425 0.09348481 0.09526164 0.09433409 0.09439308 0.09357377 0.09381059 0.09349141 0.09349141 0.09508222 0.34365853 0.41184301 0.41475110 0.41382165 0.41322392 0.41326407 0.41325674 0.41318589 0.41408942 0.41480414 0.41314501 0.09435089 
Chlamydia_crocodili_strain_No._12              0.09228138 0.09232233 0.09218459 0.08988120 0.08988120 0.21638650 0.08537085 0.05936022 0.00000000 0.08853918 0.22256580 0.41076406 0.41048397 0.41075553 0.41076269 0.41067379 0.36075722 0.03139250 0.08661289 0.08662101 0.08842349 0.08741967 0.08745680 0.08668876 0.08684760 0.08660227 0.08660227 0.08819463 0.34155772 0.41263297 0.41521688 0.41420860 0.41355990 0.41359218 0.41358486 0.41355563 0.41449970 0.41516510 0.41347833 0.08741941 
Chlamydia_felis_FeC-56                         0.10721124 0.10724950 0.10712489 0.10471992 0.10471992 0.22664995 0.10267999 0.09438803 0.08853918 0.00000000 0.23193885 0.41409247 0.41381635 0.41407135 0.41407867 0.41400716 0.36520111 0.09220758 0.10215186 0.10213148 0.10395679 0.10294301 0.10299260 0.10220184 0.10240868 0.10213900 0.10213900 0.10365286 0.34852738 0.41539227 0.41777093 0.41691521 0.41639378 0.41644202 0.41643460 0.41636068 0.41715416 0.41767669 0.41632824 0.10296104 
Chlamydia_gallinacea_08-12743                  0.23242716 0.23244899 0.23228820 0.22984867 0.22987469 0.11956882 0.23183084 0.22674702 0.22256580 0.23193885 0.00000000 0.45075648 0.45032809 0.45074339 0.45074932 0.45070727 0.40620334 0.22628425 0.22911548 0.22905082 0.23083481 0.23002315 0.23009502 0.22926346 0.22940420 0.22909413 0.22909413 0.23052418 0.39499098 0.45239660 0.45632952 0.45557394 0.45482598 0.45489693 0.45488840 0.45477430 0.45585021 0.45613452 0.45476797 0.23007215 
Chlamydia_muridarum_str._Nigg                  0.41673637 0.41680128 0.41661287 0.41372698 0.41381008 0.45129073 0.41681412 0.41080739 0.41076406 0.41409247 0.45075648 0.00000000 0.00004226 0.00003014 0.00003014 0.00011013 0.50174236 0.41405454 0.41261081 0.41258507 0.41452718 0.41369502 0.41339071 0.41273493 0.41290639 0.41259832 0.41259832 0.41409058 0.49626256 0.09820067 0.10356463 0.10266600 0.10227789 0.10223769 0.10223682 0.10218738 0.10282269 0.10324815 0.10218437 0.41337718 
Chlamydia_muridarum_str._Nigg_isolate_CM001    0.41647488 0.41653982 0.41635131 0.41346376 0.41354694 0.45096080 0.41658801 0.41051381 0.41048397 0.41381635 0.45032809 0.00004226 0.00000000 0.00001202 0.00001202 0.00009187 0.50130749 0.41379640 0.41236315 0.41233738 0.41426335 0.41344768 0.41314349 0.41248734 0.41265876 0.41235065 0.41235065 0.41380109 0.49585999 0.09821009 0.10357643 0.10267608 0.10229652 0.10225627 0.10225540 0.10220590 0.10283293 0.10325961 0.10220289 0.41312997 
Chlamydia_muridarum_str._Nigg_isolate_CM008    0.41671729 0.41678219 0.41659380 0.41370827 0.41379137 0.45129315 0.41679649 0.41075260 0.41075553 0.41407135 0.45074339 0.00003014 0.00001202 0.00000000 0.00000060 0.00007953 0.50175290 0.41404565 0.41259351 0.41256777 0.41450964 0.41367756 0.41337331 0.41271762 0.41288904 0.41258102 0.41258102 0.41407310 0.49629133 0.09818102 0.10355450 0.10265596 0.10226791 0.10222770 0.10222684 0.10217740 0.10281264 0.10323805 0.10217439 0.41335978 
Chlamydia_muridarum_str._Nigg_isolate_CM009    0.41672472 0.41678963 0.41660123 0.41371557 0.41379867 0.45129887 0.41680393 0.41075977 0.41076269 0.41407867 0.45074932 0.00003014 0.00001202 0.00000060 0.00000000 0.00007953 0.50175954 0.41405296 0.41260077 0.41257502 0.41451698 0.41368487 0.41338060 0.41272488 0.41289632 0.41258827 0.41258827 0.41408042 0.49628757 0.09818412 0.10355063 0.10265207 0.10226401 0.10222380 0.10222294 0.10217350 0.10280875 0.10323417 0.10217049 0.41336707 
Chlamydia_muridarum_str._Nigg_isolate_CM021    0.41667690 0.41674183 0.41655336 0.41366658 0.41374971 0.45123505 0.41671695 0.41065885 0.41067379 0.41400716 0.45070727 0.00011013 0.00009187 0.00007953 0.00007953 0.00000000 0.50162277 0.41397012 0.41250267 0.41247691 0.41441947 0.41358402 0.41327977 0.41262682 0.41279825 0.41249017 0.41249017 0.41398279 0.49621603 0.09818924 0.10355355 0.10265436 0.10226603 0.10222580 0.10222493 0.10217546 0.10281115 0.10323687 0.10217245 0.41326624 
Chlamydia_pecorum_E58                          0.36760637 0.36766357 0.36750599 0.36483199 0.36489950 0.40326701 0.36721098 0.36193057 0.36075722 0.36520111 0.40620334 0.50174236 0.50130749 0.50175290 0.50175954 0.50162277 0.00000000 0.36418623 0.36313485 0.36315565 0.36511332 0.36395593 0.36378072 0.36313885 0.36349206 0.36314860 0.36314860 0.36461785 0.36222937 0.50176529 0.50463165 0.50367696 0.50310261 0.50313806 0.50312807 0.50297262 0.50389726 0.50443351 0.50300024 0.36378888 
Chlamydia_poikilotherma_strain_S15-834K        0.09614462 0.09618604 0.09604129 0.09361862 0.09361341 0.22015452 0.08926979 0.06313636 0.03139250 0.09220758 0.22628425 0.41405454 0.41379640 0.41404565 0.41405296 0.41397012 0.36418623 0.00000000 0.09044926 0.09044312 0.09224503 0.09125743 0.09120474 0.09051204 0.09068567 0.09043874 0.09043874 0.09200198 0.34506177 0.41638910 0.41830720 0.41731114 0.41676569 0.41680754 0.41680014 0.41676675 0.41760746 0.41829713 0.41669068 0.09116218 
Chlamydia_psittaci_01DC11                      0.03230988 0.03235678 0.03227243 0.03002959 0.03002557 0.22323451 0.02823010 0.09350425 0.08661289 0.10215186 0.22911548 0.41261081 0.41236315 0.41259351 0.41260077 0.41250267 0.36313485 0.09044926 0.00000000 0.00017698 0.00315057 0.00312239 0.00440575 0.00099577 0.00035438 0.00010984 0.00010984 0.00297697 0.34639496 0.41349373 0.41576306 0.41468815 0.41426492 0.41432197 0.41431462 0.41427991 0.41506331 0.41561138 0.41419758 0.00437437 
Chlamydia_psittaci_6BC                         0.03229739 0.03234428 0.03225994 0.03004357 0.03003955 0.22318854 0.02819115 0.09348481 0.08662101 0.10213148 0.22905082 0.41258507 0.41233738 0.41256777 0.41257502 0.41247691 0.36315565 0.09044312 0.00017698 0.00000000 0.00315683 0.00310398 0.00438734 0.00098356 0.00039106 0.00014646 0.00014646 0.00298322 0.34634248 0.41346774 0.41573952 0.41466462 0.41424142 0.41429847 0.41429112 0.41425641 0.41503978 0.41558784 0.41417409 0.00435596 
Chlamydia_psittaci_MN                          0.03404229 0.03408944 0.03400476 0.03175115 0.03175074 0.22485057 0.02998046 0.09526164 0.08842349 0.10395679 0.23083481 0.41452718 0.41426335 0.41450964 0.41451698 0.41441947 0.36511332 0.09224503 0.00315057 0.00315683 0.00000000 0.00512448 0.00650029 0.00323669 0.00337543 0.00313841 0.00313841 0.00039091 0.34844403 0.41546465 0.41766722 0.41655454 0.41615875 0.41621535 0.41620794 0.41615602 0.41693449 0.41750107 0.41607339 0.00646924 
Chlamydia_psittaci_WSRTE30                     0.03155478 0.03160165 0.03149693 0.02924952 0.02924914 0.22418047 0.02882747 0.09433409 0.08741967 0.10294301 0.23002315 0.41369502 0.41344768 0.41367756 0.41368487 0.41358402 0.36395593 0.09125743 0.00312239 0.00310398 0.00512448 0.00000000 0.00249466 0.00325784 0.00332878 0.00308546 0.00308546 0.00495641 0.34744893 0.41441118 0.41679588 0.41571179 0.41525437 0.41531164 0.41530425 0.41526936 0.41609193 0.41665571 0.41518678 0.00246391 
Chlamydia_psittaci_strain_AMK                  0.03081795 0.03086466 0.03076024 0.02854651 0.02854614 0.22440371 0.02913977 0.09439308 0.08745680 0.10299260 0.23009502 0.41339071 0.41314349 0.41337331 0.41338060 0.41327977 0.36378072 0.09120474 0.00440575 0.00438734 0.00650029 0.00249466 0.00000000 0.00453527 0.00461372 0.00436876 0.00436876 0.00631767 0.34736260 0.41405404 0.41639186 0.41532572 0.41483643 0.41489357 0.41488620 0.41485141 0.41570533 0.41626205 0.41476899 0.00003010 
Chlamydia_psittaci_strain_Ful127               0.03241027 0.03245718 0.03237282 0.03014399 0.03013995 0.22338253 0.02840832 0.09357377 0.08668876 0.10220184 0.22926346 0.41273493 0.41248734 0.41271762 0.41272488 0.41262682 0.36313885 0.09051204 0.00099577 0.00098356 0.00323669 0.00325784 0.00453527 0.00000000 0.00119879 0.00095908 0.00095908 0.00306302 0.34641547 0.41366283 0.41597024 0.41487738 0.41447761 0.41453470 0.41452734 0.41449260 0.41525258 0.41581854 0.41441024 0.00450387 
Chlamydia_psittaci_strain_GIMC_2003Cps25SM     0.03253160 0.03257857 0.03249411 0.03026834 0.03026429 0.22351931 0.02844070 0.09381059 0.08684760 0.10240868 0.22940420 0.41290639 0.41265876 0.41288904 0.41289632 0.41279825 0.36349206 0.09068567 0.00035438 0.00039106 0.00337543 0.00332878 0.00461372 0.00119879 0.00000000 0.00024436 0.00024436 0.00320105 0.34670035 0.41379724 0.41609576 0.41501974 0.41459567 0.41463673 0.41464544 0.41461066 0.41539520 0.41594394 0.41452823 0.00458227 
Chlamydia_psittaci_strain_GIMC_2004CpsAP23     0.03227734 0.03232424 0.03223990 0.03001756 0.03001355 0.22320716 0.02819235 0.09349141 0.08660227 0.10213900 0.22909413 0.41259832 0.41235065 0.41258102 0.41258827 0.41249017 0.36314860 0.09043874 0.00010984 0.00014646 0.00313841 0.00308546 0.00436876 0.00095908 0.00024436 0.00000000 0.00000060 0.00296481 0.34637629 0.41347897 0.41575051 0.41467562 0.41425241 0.41430946 0.41430210 0.41426739 0.41505078 0.41559883 0.41418507 0.00433739 
Chlamydia_psittaci_strain_GIMC_2005CpsCP1      0.03227734 0.03232424 0.03223990 0.03001756 0.03001355 0.22320716 0.02819235 0.09349141 0.08660227 0.10213900 0.22909413 0.41259832 0.41235065 0.41258102 0.41258827 0.41249017 0.36314860 0.09043874 0.00010984 0.00014646 0.00313841 0.00308546 0.00436876 0.00095908 0.00024436 0.00000060 0.00000000 0.00296481 0.34637629 0.41347897 0.41575051 0.41467562 0.41425241 0.41430946 0.41430210 0.41426739 0.41505078 0.41559883 0.41418507 0.00433739 
Chlamydia_psittaci_strain_NRM_isolate_NRM_5    0.03384304 0.03389015 0.03380553 0.03155892 0.03155851 0.22457542 0.02979767 0.09508222 0.08819463 0.10365286 0.23052418 0.41409058 0.41380109 0.41407310 0.41408042 0.41398279 0.36461785 0.09200198 0.00297697 0.00298322 0.00039091 0.00495641 0.00631767 0.00306302 0.00320105 0.00296481 0.00296481 0.00000000 0.34801091 0.41501386 0.41724062 0.41612884 0.41572048 0.41577699 0.41576959 0.41571775 0.41650858 0.41707458 0.41563521 0.00628664 
Chlamydia_serpentis_strain_H15-1957-10C        0.35048310 0.35051678 0.35040367 0.34772198 0.34776375 0.39121428 0.34997764 0.34365853 0.34155772 0.34852738 0.39499098 0.49626256 0.49585999 0.49629133 0.49628757 0.49621603 0.36222937 0.34506177 0.34639496 0.34634248 0.34844403 0.34744893 0.34736260 0.34641547 0.34670035 0.34637629 0.34637629 0.34801091 0.00000000 0.49710171 0.50127604 0.50043048 0.49962857 0.49967563 0.49966577 0.49951724 0.50077217 0.50105949 0.49954704 0.34735655 
Chlamydia_suis_isolate_4-29b                   0.41699501 0.41703188 0.41687220 0.41388643 0.41393456 0.45296227 0.41793601 0.41184301 0.41263297 0.41539227 0.45239660 0.09820067 0.09821009 0.09818102 0.09818412 0.09818924 0.50176529 0.41638910 0.41349373 0.41346774 0.41546465 0.41441118 0.41405404 0.41366283 0.41379724 0.41347897 0.41347897 0.41501386 0.49710171 0.00000000 0.11012102 0.10939147 0.10904428 0.10905529 0.10905434 0.10895864 0.10958001 0.10986141 0.10897379 0.41403888 
Chlamydia_trachomatis_A2497                    0.41948122 0.41953738 0.41935378 0.41637694 0.41642822 0.45597382 0.41976863 0.41475110 0.41521688 0.41777093 0.45632952 0.10356463 0.10357643 0.10355450 0.10355063 0.10355355 0.50463165 0.41830720 0.41576306 0.41573952 0.41766722 0.41679588 0.41639186 0.41597024 0.41609576 0.41575051 0.41575051 0.41724062 0.50127604 0.11012102 0.00000000 0.00638073 0.00726628 0.00727298 0.00727294 0.00711740 0.00635344 0.00217150 0.00721045 0.41637972 
Chlamydia_trachomatis_EBour                    0.41852224 0.41857832 0.41841396 0.41528884 0.41534018 0.45515955 0.41882679 0.41382165 0.41420860 0.41691521 0.45557394 0.10266600 0.10267608 0.10265596 0.10265207 0.10265436 0.50367696 0.41731114 0.41468815 0.41466462 0.41655454 0.41571179 0.41532572 0.41487738 0.41501974 0.41467562 0.41467562 0.41612884 0.50043048 0.10939147 0.00638073 0.00000000 0.00644451 0.00643863 0.00643860 0.00614679 0.00056945 0.00610727 0.00636393 0.41531368 
Chlamydia_trachomatis_L1115                    0.41783349 0.41788945 0.41771413 0.41476121 0.41481250 0.45442911 0.41826237 0.41322392 0.41355990 0.41639378 0.45482598 0.10227789 0.10229652 0.10226791 0.10226401 0.10226603 0.50310261 0.41676569 0.41426492 0.41424142 0.41615875 0.41525437 0.41483643 0.41447761 0.41459567 0.41425241 0.41425241 0.41572048 0.49962857 0.10904428 0.00726628 0.00644451 0.00000000 0.00039759 0.00039758 0.00059956 0.00656107 0.00706069 0.00031192 0.41482445 
Chlamydia_trachomatis_L2b820007                0.41788183 0.41793780 0.41776246 0.41480916 0.41486045 0.45448115 0.41830782 0.41326407 0.41359218 0.41644202 0.45489693 0.10223769 0.10225627 0.10222770 0.10222380 0.10222580 0.50313806 0.41680754 0.41432197 0.41429847 0.41621535 0.41531164 0.41489357 0.41453470 0.41463673 0.41430946 0.41430946 0.41577699 0.49967563 0.10905529 0.00727298 0.00643863 0.00039759 0.00000000 0.00001202 0.00069142 0.00655520 0.00706737 0.00037923 0.41488158 
Chlamydia_trachomatis_L2bUCH-2                 0.41787439 0.41793036 0.41775502 0.41480180 0.41485309 0.45447261 0.41830036 0.41325674 0.41358486 0.41643460 0.45488840 0.10223682 0.10225540 0.10222684 0.10222294 0.10222493 0.50312807 0.41680014 0.41431462 0.41429112 0.41620794 0.41530425 0.41488620 0.41452734 0.41464544 0.41430210 0.41430210 0.41576959 0.49966577 0.10905434 0.00727294 0.00643860 0.00039758 0.00001202 0.00000000 0.00069142 0.00655517 0.00706733 0.00037923 0.41487421 
Chlamydia_trachomatis_RC-L255                  0.41782617 0.41788213 0.41770681 0.41474883 0.41480012 0.45430887 0.41826508 0.41318589 0.41355563 0.41636068 0.45477430 0.10218738 0.10220590 0.10217740 0.10217350 0.10217546 0.50297262 0.41676675 0.41427991 0.41425641 0.41615602 0.41526936 0.41485141 0.41449260 0.41461066 0.41426739 0.41426739 0.41571775 0.49951724 0.10895864 0.00711740 0.00614679 0.00059956 0.00069142 0.00069142 0.00000000 0.00626335 0.00691187 0.00033640 0.41483942 
Chlamydia_trachomatis_strain_E-32931           0.41889830 0.41895439 0.41879001 0.41566441 0.41571139 0.45556084 0.41925261 0.41408942 0.41449970 0.41715416 0.45585021 0.10282269 0.10283293 0.10281264 0.10280875 0.10281115 0.50389726 0.41760746 0.41506331 0.41503978 0.41693449 0.41609193 0.41570533 0.41525258 0.41539520 0.41505078 0.41505078 0.41650858 0.50077217 0.10958001 0.00635344 0.00056945 0.00656107 0.00655520 0.00655517 0.00626335 0.00000000 0.00601757 0.00648049 0.41568893 
Chlamydia_trachomatis_strain_QH111L            0.41944544 0.41950159 0.41931800 0.41636139 0.41641267 0.45594509 0.41977312 0.41480414 0.41516510 0.41767669 0.45613452 0.10324815 0.10325961 0.10323805 0.10323417 0.10323687 0.50443351 0.41829713 0.41561138 0.41558784 0.41750107 0.41665571 0.41626205 0.41581854 0.41594394 0.41559883 0.41559883 0.41707458 0.50105949 0.10986141 0.00217150 0.00610727 0.00706069 0.00706737 0.00706733 0.00691187 0.00601757 0.00000000 0.00700488 0.41624992 
Chlamydia_trachomatis_strain_tet9              0.41773271 0.41778866 0.41761336 0.41466101 0.41471230 0.45428860 0.41818685 0.41314501 0.41347833 0.41632824 0.45476797 0.10218437 0.10220289 0.10217439 0.10217049 0.10217245 0.50300024 0.41669068 0.41419758 0.41417409 0.41607339 0.41518678 0.41476899 0.41441024 0.41452823 0.41418507 0.41418507 0.41563521 0.49954704 0.10897379 0.00721045 0.00636393 0.00031192 0.00037923 0.00037923 0.00033640 0.00648049 0.00700488 0.00000000 0.41475702 
Chlamydophila_parapsittaci_strain_Rostinovo-70 0.03079140 0.03083811 0.03073369 0.02852013 0.02851632 0.22439364 0.02910993 0.09435089 0.08741941 0.10296104 0.23007215 0.41337718 0.41312997 0.41335978 0.41336707 0.41326624 0.36378888 0.09116218 0.00437437 0.00435596 0.00646924 0.00246391 0.00003010 0.00450387 0.00458227 0.00433739 0.00433739 0.00628664 0.34735655 0.41403888 0.41637972 0.41531368 0.41482445 0.41488158 0.41487421 0.41483942 0.41568893 0.41624992 0.41475702 0.00000000 
