41
Chlamydia_abortus_strain_162STDY5437294        0.00000000 0.00003685 0.00069578 0.00346172 0.00346168 0.21521873 0.03361050 0.09458036 0.08951011 0.10204116 0.21917490 0.38170725 0.38170259 0.38166531 0.38166440 0.38175270 0.33643139 0.09322510 0.03155202 0.03153657 0.03324545 0.03101647 0.02997809 0.03160229 0.03171316 0.03148127 0.03148127 0.03293744 0.32344058 0.38269408 0.38396825 0.38361178 0.38229391 0.38233654 0.38233654 0.38232401 0.38386344 0.38418678 0.38225086 0.02993844 1.20913920 
Chlamydia_abortus_strain_1B_cevac              0.00003685 0.00000000 0.00073281 0.00349898 0.00349894 0.21525144 0.03364995 0.09462451 0.08955379 0.10208585 0.21920762 0.38177232 0.38176780 0.38173038 0.38172948 0.38181787 0.33649217 0.09326908 0.03159135 0.03157589 0.03328496 0.03105601 0.03001731 0.03164162 0.03175252 0.03152059 0.03152059 0.03297687 0.32347485 0.38275928 0.38403357 0.38367708 0.38235897 0.38240161 0.38240161 0.38238907 0.38392878 0.38425203 0.38231592 0.02997765 1.20932261 
Chlamydia_abortus_strain_GIMC_2006CabB577      0.00069578 0.00073281 0.00000000 0.00343964 0.00343961 0.21517473 0.03358070 0.09446989 0.08940353 0.10197542 0.21903750 0.38166384 0.38165910 0.38162190 0.38162100 0.38170923 0.33624968 0.09311082 0.03149109 0.03147563 0.03318432 0.03095430 0.02990852 0.03154134 0.03165216 0.03142034 0.03142034 0.03287640 0.32332628 0.38263291 0.38394421 0.38359886 0.38227697 0.38231960 0.38231960 0.38230707 0.38385052 0.38416278 0.38223392 0.02986887 1.20888569 
Chlamydia_abortus_strain_NL2335-4C             0.00346172 0.00349898 0.00343964 0.00000000 0.00000072 0.21288397 0.03128917 0.09205779 0.08710987 0.09964726 0.21683077 0.37925318 0.37924374 0.37921139 0.37921042 0.37930303 0.33386337 0.09077616 0.02908687 0.02910325 0.03076790 0.02857977 0.02758425 0.02916056 0.02926958 0.02904092 0.02904092 0.03047092 0.32086042 0.38004843 0.38149857 0.38114673 0.37985621 0.37989861 0.37989861 0.37988047 0.38139694 0.38174105 0.37981342 0.02754483 1.20428183 
Chlamydia_abortus_strain_NL2354-2D             0.00346168 0.00349894 0.00343961 0.00000072 0.00000000 0.21288397 0.03128885 0.09205779 0.08710987 0.09964726 0.21683077 0.37925318 0.37924374 0.37921139 0.37921042 0.37930303 0.33386337 0.09077616 0.02908687 0.02910325 0.03076790 0.02857977 0.02758425 0.02916056 0.02926958 0.02904092 0.02904092 0.03047092 0.32086042 0.38004843 0.38149857 0.38114673 0.37985621 0.37989861 0.37989861 0.37988047 0.38139694 0.38174105 0.37981342 0.02754483 1.20428183 
Chlamydia_avium_10DC88                         0.21521873 0.21525144 0.21517473 0.21288397 0.21288397 0.00000000 0.21420954 0.20940346 0.20528090 0.21367620 0.11420130 0.41159986 0.41150978 0.41155578 0.41155279 0.41153653 0.36836900 0.20895360 0.21113184 0.21109329 0.21275727 0.21152898 0.21200803 0.21123436 0.21136475 0.21107765 0.21107765 0.21241138 0.36089034 0.41379026 0.41567883 0.41566808 0.41416549 0.41421674 0.41421674 0.41416203 0.41581433 0.41599217 0.41412876 0.21194129 1.22787786 
Chlamydia_buteonis_strain_IDL17-4553           0.03361050 0.03364995 0.03358070 0.03128917 0.03128885 0.21420954 0.00000000 0.08888596 0.08217601 0.09752791 0.21828262 0.38190803 0.38194191 0.38186607 0.38186517 0.38190345 0.33550820 0.08598369 0.02776368 0.02770861 0.02951748 0.02828970 0.02853841 0.02785912 0.02791441 0.02768677 0.02768677 0.02920879 0.32210573 0.38392135 0.38493735 0.38484357 0.38348144 0.38352047 0.38352047 0.38348192 0.38509985 0.38525208 0.38343452 0.02849669 1.20892674 
Chlamydia_caviae_GPIC                          0.09458036 0.09462451 0.09446989 0.09205779 0.09205779 0.20940346 0.08888596 0.00000000 0.05660844 0.08891038 0.21314261 0.37506113 0.37505215 0.37501952 0.37501845 0.37505452 0.33071627 0.06040487 0.08817654 0.08816774 0.08992035 0.08874991 0.08899832 0.08826224 0.08844123 0.08814992 0.08814992 0.08966574 0.31773393 0.37716041 0.37915344 0.37906442 0.37778063 0.37780765 0.37780765 0.37776090 0.37920461 0.37950366 0.37774557 0.08896359 1.20048816 
Chlamydia_crocodili_strain_No._12              0.08951011 0.08955379 0.08940353 0.08710987 0.08710987 0.20528090 0.08217601 0.05660844 0.00000000 0.08431544 0.21054507 0.37579114 0.37573935 0.37574959 0.37574854 0.37579633 0.33060184 0.03040531 0.08281426 0.08282247 0.08453695 0.08345524 0.08361614 0.08291649 0.08299040 0.08277436 0.08277436 0.08423365 0.31579102 0.37821254 0.38005147 0.37980087 0.37849979 0.37852992 0.37852992 0.37852595 0.37994835 0.38027857 0.37846186 0.08357178 1.20481232 
Chlamydia_felis_FeC-56                         0.10204116 0.10208585 0.10197542 0.09964726 0.09964726 0.21367620 0.09752791 0.08891038 0.08431544 0.00000000 0.21763578 0.37738640 0.37735407 0.37734473 0.37734372 0.37742122 0.33332071 0.08794077 0.09648027 0.09645314 0.09829005 0.09709697 0.09725248 0.09652068 0.09668341 0.09643594 0.09643594 0.09789270 0.32140222 0.37979279 0.38063218 0.38054235 0.37918440 0.37923287 0.37923287 0.37916168 0.38064610 0.38081691 0.37913657 0.09723341 1.20291934 
Chlamydia_gallinacea_08-12743                  0.21917490 0.21920762 0.21903750 0.21683077 0.21683077 0.11420130 0.21828262 0.21314261 0.21054507 0.21763578 0.00000000 0.41102248 0.41085194 0.41097872 0.41097591 0.41106087 0.37079605 0.21422438 0.21599840 0.21594238 0.21761207 0.21647179 0.21664732 0.21615041 0.21622939 0.21594532 0.21594532 0.21717810 0.36240882 0.41300200 0.41505204 0.41517832 0.41358321 0.41367756 0.41367756 0.41361907 0.41524154 0.41523945 0.41357728 0.21658057 1.22925048 
Chlamydia_muridarum_str._Nigg                  0.38170725 0.38177232 0.38166384 0.37925318 0.37925318 0.41159986 0.38190803 0.37506113 0.37579114 0.37738640 0.41102248 0.00000000 0.00006660 0.00000072 0.00000072 0.00010358 0.44967395 0.37881548 0.37798662 0.37796925 0.37958739 0.37791080 0.37850973 0.37806719 0.37813231 0.37794265 0.37794265 0.37906201 0.44826072 0.09286212 0.09833051 0.09774812 0.09689032 0.09685297 0.09685297 0.09683291 0.09792077 0.09815243 0.09681375 0.37845685 1.24586277 
Chlamydia_muridarum_str._Nigg_isolate_CM001    0.38170259 0.38176780 0.38165910 0.37924374 0.37924374 0.41150978 0.38194191 0.37505215 0.37573935 0.37735407 0.41085194 0.00006660 0.00000000 0.00006660 0.00006660 0.00017052 0.44949510 0.37881873 0.37799169 0.37797429 0.37957726 0.37791574 0.37851582 0.37807242 0.37813766 0.37794763 0.37794763 0.37902185 0.44808570 0.09300230 0.09846795 0.09788340 0.09703386 0.09699642 0.09699642 0.09697631 0.09805646 0.09828927 0.09695710 0.37846284 1.24413334 
Chlamydia_muridarum_str._Nigg_isolate_CM008    0.38166531 0.38173038 0.38162190 0.37921139 0.37921139 0.41155578 0.38186607 0.37501952 0.37574959 0.37734473 0.41097872 0.00000072 0.00006660 0.00000000 0.00000072 0.00010358 0.44963987 0.37877375 0.37794489 0.37792753 0.37954551 0.37786881 0.37846797 0.37802546 0.37809055 0.37790092 0.37790092 0.37902021 0.44823467 0.09286096 0.09832927 0.09774689 0.09688911 0.09685175 0.09685175 0.09683169 0.09791953 0.09815119 0.09681253 0.37841510 1.24579032 
Chlamydia_muridarum_str._Nigg_isolate_CM009    0.38166440 0.38172948 0.38162100 0.37921042 0.37921042 0.41155279 0.38186517 0.37501845 0.37574854 0.37734372 0.41097591 0.00000072 0.00006660 0.00000072 0.00000000 0.00010358 0.44963660 0.37877278 0.37794390 0.37792653 0.37954455 0.37786781 0.37846698 0.37802446 0.37808955 0.37789992 0.37789992 0.37901924 0.44821951 0.09286302 0.09832289 0.09774051 0.09688272 0.09684537 0.09684537 0.09682531 0.09791315 0.09814482 0.09680615 0.37841411 1.24578947 
Chlamydia_muridarum_str._Nigg_isolate_CM021    0.38175270 0.38181787 0.38170923 0.37930303 0.37930303 0.41153653 0.38190345 0.37505452 0.37579633 0.37742122 0.41106087 0.00010358 0.00017052 0.00010358 0.00010358 0.00000000 0.44962044 0.37884664 0.37796515 0.37794776 0.37956806 0.37788617 0.37848605 0.37804582 0.37811102 0.37792111 0.37792111 0.37904199 0.44837313 0.09280318 0.09832751 0.09776251 0.09689447 0.09685705 0.09685705 0.09683695 0.09793544 0.09815786 0.09681776 0.37843311 1.24603956 
Chlamydia_pecorum_E58                          0.33643139 0.33649217 0.33624968 0.33386337 0.33386337 0.36836900 0.33550820 0.33071627 0.33060184 0.33332071 0.37079605 0.44967395 0.44949510 0.44963987 0.44963660 0.44962044 0.00000000 0.33409856 0.33205327 0.33206655 0.33395996 0.33183017 0.33278214 0.33210652 0.33226585 0.33201953 0.33201953 0.33350983 0.33071826 0.44984069 0.45240270 0.45275651 0.45125363 0.45130957 0.45130957 0.45117364 0.45274135 0.45266515 0.45121565 0.33271438 1.23674824 
Chlamydia_poikilotherma_strain_S15-834K        0.09322510 0.09326908 0.09311082 0.09077616 0.09077616 0.20895360 0.08598369 0.06040487 0.03040531 0.08794077 0.21422438 0.37881548 0.37881873 0.37877375 0.37877278 0.37884664 0.33409856 0.00000000 0.08667718 0.08666736 0.08834596 0.08723265 0.08736112 0.08674249 0.08686106 0.08663619 0.08663619 0.08805116 0.31963990 0.38206489 0.38319256 0.38301776 0.38170847 0.38174385 0.38174385 0.38171468 0.38315326 0.38347577 0.38167178 0.08731640 1.20808891 
Chlamydia_psittaci_01DC11                      0.03155202 0.03159135 0.03149109 0.02908687 0.02908687 0.21113184 0.02776368 0.08817654 0.08281426 0.09648027 0.21599840 0.37798662 0.37799169 0.37794489 0.37794390 0.37796515 0.33205327 0.08667718 0.00000000 0.00020708 0.00318819 0.00274726 0.00386991 0.00103638 0.00034796 0.00013265 0.00013265 0.00293054 0.31935526 0.37937665 0.38097581 0.38065186 0.37951149 0.37956344 0.37956344 0.37954246 0.38089659 0.38112047 0.37947830 0.00383229 1.20428502 
Chlamydia_psittaci_6BC                         0.03153657 0.03157589 0.03147563 0.02910325 0.02910325 0.21109329 0.02770861 0.08816774 0.08282247 0.09645314 0.21594238 0.37796925 0.37797429 0.37792753 0.37792653 0.37794776 0.33206655 0.08666736 0.00020708 0.00000000 0.00319575 0.00272471 0.00384742 0.00101412 0.00035537 0.00014002 0.00014002 0.00293808 0.31929312 0.37935266 0.38096714 0.38063295 0.37949266 0.37954461 0.37954461 0.37952363 0.38087768 0.38110158 0.37945947 0.00380996 1.20438770 
Chlamydia_psittaci_MN                          0.03324545 0.03328496 0.03318432 0.03076790 0.03076790 0.21275727 0.02951748 0.08992035 0.08453695 0.09829005 0.21761207 0.37958739 0.37957726 0.37954551 0.37954455 0.37956806 0.33395996 0.08834596 0.00318819 0.00319575 0.00000000 0.00469229 0.00598739 0.00334493 0.00336275 0.00315108 0.00315108 0.00053352 0.32130355 0.38115207 0.38273826 0.38236967 0.38126496 0.38131718 0.38131718 0.38127445 0.38261638 0.38285342 0.38121002 0.00594937 1.20650606 
Chlamydia_psittaci_WSRTE30                     0.03101647 0.03105601 0.03095430 0.02857977 0.02857977 0.21152898 0.02828970 0.08874991 0.08345524 0.09709697 0.21647179 0.37791080 0.37791574 0.37786881 0.37786781 0.37788617 0.33183017 0.08723265 0.00274726 0.00272471 0.00469229 0.00000000 0.00269530 0.00297931 0.00289202 0.00267240 0.00267240 0.00450361 0.31945799 0.37926629 0.38101633 0.38065852 0.37954700 0.37959928 0.37959928 0.37957816 0.38090241 0.38115155 0.37951360 0.00265775 1.20230446 
Chlamydia_psittaci_strain_AMK                  0.02997809 0.03001731 0.02990852 0.02758425 0.02758425 0.21200803 0.02853841 0.08899832 0.08361614 0.09725248 0.21664732 0.37850973 0.37851582 0.37846797 0.37846698 0.37848605 0.33278214 0.08736112 0.00386991 0.00384742 0.00598739 0.00269530 0.00000000 0.00408593 0.00401507 0.00379534 0.00379534 0.00573175 0.32003476 0.37973786 0.38128406 0.38094445 0.37978648 0.37983846 0.37983846 0.37981745 0.38118935 0.38144144 0.37975326 0.00003684 1.20540881 
Chlamydia_psittaci_strain_Ful127               0.03160229 0.03164162 0.03154134 0.02916056 0.02916056 0.21123436 0.02785912 0.08826224 0.08291649 0.09652068 0.21615041 0.37806719 0.37807242 0.37802546 0.37802446 0.37804582 0.33210652 0.08674249 0.00103638 0.00101412 0.00334493 0.00297931 0.00408593 0.00000000 0.00117821 0.00096228 0.00096228 0.00307208 0.31944814 0.37954254 0.38113793 0.38079355 0.37968011 0.37973208 0.37973208 0.37971108 0.38104162 0.38128681 0.37964690 0.00404845 1.20466770 
Chlamydia_psittaci_strain_GIMC_2003Cps25SM     0.03171316 0.03175252 0.03165216 0.02926958 0.02926958 0.21136475 0.02791441 0.08844123 0.08299040 0.09668341 0.21622939 0.37813231 0.37813766 0.37809055 0.37808955 0.37811102 0.33226585 0.08686106 0.00034796 0.00035537 0.00336275 0.00289202 0.00401507 0.00117821 0.00000000 0.00021466 0.00021466 0.00310405 0.31956314 0.37954089 0.38115979 0.38082536 0.37968369 0.37973569 0.37973569 0.37971468 0.38107035 0.38129410 0.37965046 0.00397740 1.20499947 
Chlamydia_psittaci_strain_GIMC_2004CpsAP23     0.03148127 0.03152059 0.03142034 0.02904092 0.02904092 0.21107765 0.02768677 0.08814992 0.08277436 0.09643594 0.21594532 0.37794265 0.37794763 0.37790092 0.37789992 0.37792111 0.33201953 0.08663619 0.00013265 0.00014002 0.00315108 0.00267240 0.00379534 0.00096228 0.00021466 0.00000000 0.00000072 0.00289349 0.31928767 0.37932880 0.38094284 0.38060866 0.37946846 0.37952040 0.37952040 0.37949943 0.38085337 0.38107731 0.37943527 0.00375773 1.20425390 
Chlamydia_psittaci_strain_GIMC_2005CpsCP1      0.03148127 0.03152059 0.03142034 0.02904092 0.02904092 0.21107765 0.02768677 0.08814992 0.08277436 0.09643594 0.21594532 0.37794265 0.37794763 0.37790092 0.37789992 0.37792111 0.33201953 0.08663619 0.00013265 0.00014002 0.00315108 0.00267240 0.00379534 0.00096228 0.00021466 0.00000072 0.00000000 0.00289349 0.31928767 0.37932880 0.38094284 0.38060866 0.37946846 0.37952040 0.37952040 0.37949943 0.38085337 0.38107731 0.37943527 0.00375773 1.20425390 
Chlamydia_psittaci_strain_NRM_isolate_NRM_5    0.03293744 0.03297687 0.03287640 0.03047092 0.03047092 0.21241138 0.02920879 0.08966574 0.08423365 0.09789270 0.21717810 0.37906201 0.37902185 0.37902021 0.37901924 0.37904199 0.33350983 0.08805116 0.00293054 0.00293808 0.00053352 0.00450361 0.00573175 0.00307208 0.00310405 0.00289349 0.00289349 0.00000000 0.32084282 0.38057728 0.38224137 0.38185902 0.38074973 0.38080183 0.38080183 0.38075920 0.38210775 0.38235882 0.38069491 0.00569383 1.20577218 
Chlamydia_serpentis_strain_H15-1957-10C        0.32344058 0.32347485 0.32332628 0.32086042 0.32086042 0.36089034 0.32210573 0.31773393 0.31579102 0.32140222 0.36240882 0.44826072 0.44808570 0.44823467 0.44821951 0.44837313 0.33071826 0.31963990 0.31935526 0.31929312 0.32130355 0.31945799 0.32003476 0.31944814 0.31956314 0.31928767 0.31928767 0.32084282 0.00000000 0.44900559 0.45179431 0.45168105 0.45013010 0.45019012 0.45019012 0.45005220 0.45184030 0.45194375 0.45012257 0.31998014 1.24191234 
Chlamydia_suis_isolate_4-29b                   0.38269408 0.38275928 0.38263291 0.38004843 0.38004843 0.41379026 0.38392135 0.37716041 0.37821254 0.37979279 0.41300200 0.09286212 0.09300230 0.09286096 0.09286302 0.09280318 0.44984069 0.38206489 0.37937665 0.37935266 0.38115207 0.37926629 0.37973786 0.37954254 0.37954089 0.37932880 0.37932880 0.38057728 0.44900559 0.00000000 0.10614329 0.10592398 0.10512665 0.10514050 0.10514050 0.10506831 0.10605076 0.10619929 0.10506756 0.37970940 1.24246339 
Chlamydia_trachomatis_A2497                    0.38396825 0.38403357 0.38394421 0.38149857 0.38149857 0.41567883 0.38493735 0.37915344 0.38005147 0.38063218 0.41505204 0.09833051 0.09846795 0.09832927 0.09832289 0.09832751 0.45240270 0.38319256 0.38097581 0.38096714 0.38273826 0.38101633 0.38128406 0.38113793 0.38115979 0.38094284 0.38094284 0.38224137 0.45179431 0.10614329 0.00000000 0.00642197 0.00698540 0.00700815 0.00700815 0.00691752 0.00628780 0.00210739 0.00695513 0.38125553 1.25340901 
Chlamydia_trachomatis_EBour                    0.38361178 0.38367708 0.38359886 0.38114673 0.38114673 0.41566808 0.38484357 0.37906442 0.37980087 0.38054235 0.41517832 0.09774812 0.09788340 0.09774689 0.09774051 0.09776251 0.45275651 0.38301776 0.38065186 0.38063295 0.38236967 0.38065852 0.38094445 0.38079355 0.38082536 0.38060866 0.38060866 0.38185902 0.45168105 0.10592398 0.00642197 0.00000000 0.00634869 0.00635624 0.00635624 0.00611534 0.00046826 0.00626955 0.00628839 0.38091592 1.25490937 
Chlamydia_trachomatis_L1115                    0.38229391 0.38235897 0.38227697 0.37985621 0.37985621 0.41416549 0.38348144 0.37778063 0.37849979 0.37918440 0.41358321 0.09689032 0.09703386 0.09688911 0.09688272 0.09689447 0.45125363 0.38170847 0.37951149 0.37949266 0.38126496 0.37954700 0.37978648 0.37968011 0.37968369 0.37946846 0.37946846 0.38074973 0.45013010 0.10512665 0.00698540 0.00634869 0.00000000 0.00037827 0.00037827 0.00055634 0.00644862 0.00683202 0.00029665 0.37975806 1.25141238 
Chlamydia_trachomatis_L2b820007                0.38233654 0.38240161 0.38231960 0.37989861 0.37989861 0.41421674 0.38352047 0.37780765 0.37852992 0.37923287 0.41367756 0.09685297 0.09699642 0.09685175 0.09684537 0.09685705 0.45130957 0.38174385 0.37956344 0.37954461 0.38131718 0.37959928 0.37983846 0.37973208 0.37973569 0.37952040 0.37952040 0.38080183 0.45019012 0.10514050 0.00700815 0.00635624 0.00037827 0.00000000 0.00000072 0.00066769 0.00645618 0.00685472 0.00037826 0.37981004 1.25152731 
Chlamydia_trachomatis_L2bUCH-2                 0.38233654 0.38240161 0.38231960 0.37989861 0.37989861 0.41421674 0.38352047 0.37780765 0.37852992 0.37923287 0.41367756 0.09685297 0.09699642 0.09685175 0.09684537 0.09685705 0.45130957 0.38174385 0.37956344 0.37954461 0.38131718 0.37959928 0.37983846 0.37973208 0.37973569 0.37952040 0.37952040 0.38080183 0.45019012 0.10514050 0.00700815 0.00635624 0.00037827 0.00000072 0.00000000 0.00066769 0.00645618 0.00685472 0.00037826 0.37981004 1.25152731 
Chlamydia_trachomatis_RC-L255                  0.38232401 0.38238907 0.38230707 0.37988047 0.37988047 0.41416203 0.38348192 0.37776090 0.37852595 0.37916168 0.41361907 0.09683291 0.09697631 0.09683169 0.09682531 0.09683695 0.45117364 0.38171468 0.37954246 0.37952363 0.38127445 0.37957816 0.37981745 0.37971108 0.37971468 0.37949943 0.37949943 0.38075920 0.45005220 0.10506831 0.00691752 0.00611534 0.00055634 0.00066769 0.00066769 0.00000000 0.00621515 0.00676426 0.00033373 0.37978903 1.25115766 
Chlamydia_trachomatis_strain_E-32931           0.38386344 0.38392878 0.38385052 0.38139694 0.38139694 0.41581433 0.38509985 0.37920461 0.37994835 0.38064610 0.41524154 0.09792077 0.09805646 0.09791953 0.09791315 0.09793544 0.45274135 0.38315326 0.38089659 0.38087768 0.38261638 0.38090241 0.38118935 0.38104162 0.38107035 0.38085337 0.38085337 0.38210775 0.45184030 0.10605076 0.00628780 0.00046826 0.00644862 0.00645618 0.00645618 0.00621515 0.00000000 0.00611270 0.00638829 0.38116081 1.25453329 
Chlamydia_trachomatis_strain_QH111L            0.38418678 0.38425203 0.38416278 0.38174105 0.38174105 0.41599217 0.38525208 0.37950366 0.38027857 0.38081691 0.41523945 0.09815243 0.09828927 0.09815119 0.09814482 0.09815786 0.45266515 0.38347577 0.38112047 0.38110158 0.38285342 0.38115155 0.38144144 0.38128681 0.38129410 0.38107731 0.38107731 0.38235882 0.45194375 0.10619929 0.00210739 0.00626955 0.00683202 0.00685472 0.00685472 0.00676426 0.00611270 0.00000000 0.00680181 0.38141293 1.25390278 
Chlamydia_trachomatis_strain_tet9              0.38225086 0.38231592 0.38223392 0.37981342 0.37981342 0.41412876 0.38343452 0.37774557 0.37846186 0.37913657 0.41357728 0.09681375 0.09695710 0.09681253 0.09680615 0.09681776 0.45121565 0.38167178 0.37947830 0.37945947 0.38121002 0.37951360 0.37975326 0.37964690 0.37965046 0.37943527 0.37943527 0.38069491 0.45012257 0.10506756 0.00695513 0.00628839 0.00029665 0.00037826 0.00037826 0.00033373 0.00638829 0.00680181 0.00000000 0.37972484 1.25133196 
Chlamydophila_parapsittaci_strain_Rostinovo-70 0.02993844 0.02997765 0.02986887 0.02754483 0.02754483 0.21194129 0.02849669 0.08896359 0.08357178 0.09723341 0.21658057 0.37845685 0.37846284 0.37841510 0.37841411 0.37843311 0.33271438 0.08731640 0.00383229 0.00380996 0.00594937 0.00265775 0.00003684 0.00404845 0.00397740 0.00375773 0.00375773 0.00569383 0.31998014 0.37970940 0.38125553 0.38091592 0.37975806 0.37981004 0.37981004 0.37978903 0.38116081 0.38141293 0.37972484 0.00000000 1.20532533 
Waddlia_chondrophila_WSU_86-1044               1.20913920 1.20932261 1.20888569 1.20428183 1.20428183 1.22787786 1.20892674 1.20048816 1.20481232 1.20291934 1.22925048 1.24586277 1.24413334 1.24579032 1.24578947 1.24603956 1.23674824 1.20808891 1.20428502 1.20438770 1.20650606 1.20230446 1.20540881 1.20466770 1.20499947 1.20425390 1.20425390 1.20577218 1.24191234 1.24246339 1.25340901 1.25490937 1.25141238 1.25152731 1.25152731 1.25115766 1.25453329 1.25390278 1.25133196 1.20532533 0.00000000 
